101
101
101
101
101
101
101
101
101
101
101
102
102
102
102
102
102
102
102
102
102
102
103
103
103
103
103
103
103
103
103
103
103
104
104
104
104
104
104
104
104
104
104
104
105
105
105
105
105
105
105
105
105
105
105
106
106
106
106
106
106
106
106
106
106
106
107
107
107
107
107
107
107
107
107
107
107
108
108
108
108
108
108
108
108
108
108
108
109
109
109
109
109
109
109
109
109
109
109
110
110
110
110
110
110
110
110
110
110
110
111
111
111
111
111
111
111
111
111
111
111
201
201
201
201
201
201
201
201
201
201
201
202
202
202
202
202
202
202
202
202
202
202
203
203
203
203
203
203
203
203
203
203
203
204
204
204
204
204
204
204
204
204
204
204
205
205
205
205
205
205
205
205
205
205
205
206
206
206
206
206
206
206
206
206
206
206
207
207
207
207
207
207
207
207
207
207
207
208
208
208
208
208
208
208
208
208
208
208
209
209
209
209
209
209
209
209
209
209
209
210
210
210
210
210
210
210
210
210
210
210
211
211
211
211
211
211
211
211
211
211
211
301
301
301
301
301
301
301
301
301
301
301
302
302
302
302
302
302
302
302
302
302
302
303
303
303
303
303
303
303
303
303
303
303
304
304
304
304
304
304
304
304
304
304
304
305
305
305
305
305
305
305
305
305
305
305
306
306
306
306
306
306
306
306
306
306
306
307
307
307
307
307
307
307
307
307
307
307
308
308
308
308
308
308
308
308
308
308
308
309
309
309
309
309
309
309
309
309
309
309
310
310
310
310
310
310
310
310
310
310
310
311
311
311
311
311
311
311
311
311
311
311
401
401
401
401
401
401
401
401
401
401
401
402
402
402
402
402
402
402
402
402
402
402
403
403
403
403
403
403
403
403
403
403
403
404
404
404
404
404
404
404
404
404
404
404
405
405
405
405
405
405
405
405
405
405
405
406
406
406
406
406
406
406
406
406
406
406
407
407
407
407
407
407
407
407
407
407
407
408
408
408
408
408
408
408
408
408
408
408
409
409
409
409
409
409
409
409
409
409
409
410
410
410
410
410
410
410
410
410
410
410
411
411
411
411
411
411
411
411
411
411
411
501
501
501
501
501
501
501
501
501
501
501
502
502
502
502
502
502
502
502
502
502
502
503
503
503
503
503
503
503
503
503
503
503
504
504
504
504
504
504
504
504
504
504
504
505
505
505
505
505
505
505
505
505
505
505
506
506
506
506
506
506
506
506
506
506
506
507
507
507
507
507
507
507
507
507
507
507
508
508
508
508
508
508
508
508
508
508
508
509
509
509
509
509
509
509
509
509
509
509
510
510
510
510
510
510
510
510
510
510
510
511
511
511
511
511
511
511
511
511
511
511
601
601
601
601
601
601
601
601
601
601
601
602
602
602
602
602
602
602
602
602
602
602
603
603
603
603
603
603
603
603
603
603
603
604
604
604
604
604
604
604
604
604
604
604
605
605
605
605
605
605
605
605
605
605
605
606
606
606
606
606
606
606
606
606
606
606
607
607
607
607
607
607
607
607
607
607
607
608
608
608
608
608
608
608
608
608
608
608
609
609
609
609
609
609
609
609
609
609
609
610
610
610
610
610
610
610
610
610
610
610
611
611
611
611
611
611
611
611
611
611
611
701
701
701
701
701
701
701
701
701
701
701
702
702
702
702
702
702
702
702
702
702
702
703
703
703
703
703
703
703
703
703
703
703
704
704
704
704
704
704
704
704
704
704
704
705
705
705
705
705
705
705
705
705
705
705
706
706
706
706
706
706
706
706
706
706
706
707
707
707
707
707
707
707
707
707
707
707
708
708
708
708
708
708
708
708
708
708
708
709
709
709
709
709
709
709
709
709
709
709
710
710
710
710
710
710
710
710
710
710
710
711
711
711
711
711
711
711
711
711
711
711
801
801
801
801
801
801
801
801
801
801
801
802
802
802
802
802
802
802
802
802
802
802
803
803
803
803
803
803
803
803
803
803
803
804
804
804
804
804
804
804
804
804
804
804
805
805
805
805
805
805
805
805
805
805
805
806
806
806
806
806
806
806
806
806
806
806
807
807
807
807
807
807
807
807
807
807
807
808
808
808
808
808
808
808
808
808
808
808
809
809
809
809
809
809
809
809
809
809
809
810
810
810
810
810
810
810
810
810
810
810
811
811
811
811
811
811
811
811
811
811
811
901
901
901
901
901
901
901
901
901
901
901
902
902
902
902
902
902
902
902
902
902
902
903
903
903
903
903
903
903
903
903
903
903
904
904
904
904
904
904
904
904
904
904
904
905
905
905
905
905
905
905
905
905
905
905
906
906
906
906
906
906
906
906
906
906
906
907
907
907
907
907
907
907
907
907
907
907
908
908
908
908
908
908
908
908
908
908
908
909
909
909
909
909
909
909
909
909
909
909
910
910
910
910
910
910
910
910
910
910
910
911
911
911
911
911
911
911
911
911
911
911
1001
1001
1001
1001
1001
1001
1001
1001
1001
1001
1001
1002
1002
1002
1002
1002
1002
1002
1002
1002
1002
1002
1003
1003
1003
1003
1003
1003
1003
1003
1003
1003
1003
1004
1004
1004
1004
1004
1004
1004
1004
1004
1004
1004
1005
1005
1005
1005
1005
1005
1005
1005
1005
1005
1005
1006
1006
1006
1006
1006
1006
1006
1006
1006
1006
1006
1007
1007
1007
1007
1007
1007
1007
1007
1007
1007
1007
1008
1008
1008
1008
1008
1008
1008
1008
1008
1008
1008
1009
1009
1009
1009
1009
1009
1009
1009
1009
1009
1009
1010
1010
1010
1010
1010
1010
1010
1010
1010
1010
1010
1011
1011
1011
1011
1011
1011
1011
1011
1011
1011
1011
1101
1101
1101
1101
1101
1101
1101
1101
1101
1101
1101
1102
1102
1102
1102
1102
1102
1102
1102
1102
1102
1102
1103
1103
1103
1103
1103
1103
1103
1103
1103
1103
1103
1104
1104
1104
1104
1104
1104
1104
1104
1104
1104
1104
1105
1105
1105
1105
1105
1105
1105
1105
1105
1105
1105
1106
1106
1106
1106
1106
1106
1106
1106
1106
1106
1106
1107
1107
1107
1107
1107
1107
1107
1107
1107
1107
1107
1108
1108
1108
1108
1108
1108
1108
1108
1108
1108
1108
1109
1109
1109
1109
1109
1109
1109
1109
1109
1109
1109
1110
1110
1110
1110
1110
1110
1110
1110
1110
1110
1110
1111
1111
1111
1111
1111
1111
1111
1111
1111
1111
1111

7
90208
90209
90210
90211
90301
90302
90303
90304
90305
90306
90307
90308
90309
90310
90311
90401
90402
90403
90404
90405
90406
90407
90408
90409
90410
90411
90501
90502
90503
90504
90505
90506
90507
90508
90509
90510
90511
90601
90602
90603
90604
90605
90606
90607
90608
90609
90610
90611
90701
90702
90703
90704
90705
90706
90707
90708
90709
90710
90711
90801
90802
90803
90804
90805
90806
90807
90808
90809
90810
90811
90901
90902
90903
90904
90905
90906
90907
90908
90909
90910
90911
91001
91002
91003
91004
91005
91006
91007
91008
91009
91010
91011
91101
91102
91103
91104
91105
91106
91107
91108
91109
91110
91111
100101
100102
100103
100104
100105
100106
100107
100108
100109
100110
100111
100201
100202
100203
100204
100205
100206
100207
100208
100209
100210
100211
100301
100302
100303
100304
100305
100306
100307
100308
100309
100310
100311
100401
100402
100403
100404
100405
100406
100407
100408
100409
100410
100411
100501
100502
100503
100504
100505
100506
100507
100508
100509
100510
100511
100601
100602
100603
100604
100605
100606
100607
100608
100609
100610
100611
100701
100702
100703
100704
100705
100706
100707
100708
100709
100710
100711
100801
100802
100803
100804
100805
100806
100807
100808
100809
100810
100811
100901
100902
100903
100904
100905
100906
100907
100908
100909
100910
100911
101001
101002
101003
101004
101005
101006
101007
101008
101009
101010
101011
101101
101102
101103
101104
101105
101106
101107
101108
101109
101110
101111
110101
110102
110103
110104
110105
110106
110107
110108
110109
110110
110111
110201
110202
110203
110204
110205
110206
110207
110208
110209
110210
110211
110301
110302
110303
110304
110305
110306
110307
110308
110309
110310
110311
110401
110402
110403
110404
110405
110406
110407
110408
110409
110410
110411
110501
110502
110503
110504
110505
110506
110507
110508
110509
110510
110511
110601
110602
110603
110604
110605
110606
110607
110608
110609
110610
110611
110701
110702
110703
110704
110705
110706
110707
110708
110709
110710
110711
110801
110802
110803
110804
110805
110806
110807
110808
110809
110810
110811
110901
110902
110903
110904
110905
110906
110907
110908
110909
110910
110911
111001
111002
111003
111004
111005
111006
111007
111008
111009
111010
111011
111101
111102
111103
111104
111105
111106
111107
111108
111109
111110
111111

